NODE_464_length_899_cov_0.909326_pilon_pilon:89 NODE_464_length_899_cov_0.909326_pilon_pilon_pilon:89 T C
NODE_464_length_899_cov_0.909326_pilon_pilon:93 NODE_464_length_899_cov_0.909326_pilon_pilon_pilon:93 T G
NODE_464_length_899_cov_0.909326_pilon_pilon:106 NODE_464_length_899_cov_0.909326_pilon_pilon_pilon:106 T C
NODE_464_length_899_cov_0.909326_pilon_pilon:107 NODE_464_length_899_cov_0.909326_pilon_pilon_pilon:107 C T
NODE_464_length_899_cov_0.909326_pilon_pilon:131 NODE_464_length_899_cov_0.909326_pilon_pilon_pilon:131 T C
NODE_881_length_383_cov_0.728682_pilon_pilon:348 NODE_881_length_383_cov_0.728682_pilon_pilon_pilon:348 C T
NODE_881_length_383_cov_0.728682_pilon_pilon:358 NODE_881_length_383_cov_0.728682_pilon_pilon_pilon:358 A C
