NODE_464_length_899_cov_0.909326_pilon:53 NODE_464_length_899_cov_0.909326_pilon_pilon:53 C A
NODE_464_length_899_cov_0.909326_pilon:56 NODE_464_length_899_cov_0.909326_pilon_pilon:56 T C
NODE_464_length_899_cov_0.909326_pilon:108 NODE_464_length_899_cov_0.909326_pilon_pilon:108 T C
NODE_644_length_444_cov_0.606918_pilon:179 NODE_644_length_444_cov_0.606918_pilon_pilon:179 A G
NODE_644_length_444_cov_0.606918_pilon:200 NODE_644_length_444_cov_0.606918_pilon_pilon:200 C A
NODE_644_length_444_cov_0.606918_pilon:241 NODE_644_length_444_cov_0.606918_pilon_pilon:241 . C
NODE_708_length_426_cov_0.772575_pilon:301 NODE_708_length_426_cov_0.772575_pilon_pilon:301 C G
NODE_708_length_426_cov_0.772575_pilon:327 NODE_708_length_426_cov_0.772575_pilon_pilon:327 G C
NODE_757_length_412_cov_1.125874_pilon:96 NODE_757_length_412_cov_1.125874_pilon_pilon:96 A G
NODE_781_length_409_cov_2.414894_pilon:217 NODE_781_length_409_cov_2.414894_pilon_pilon:217 G A
NODE_881_length_383_cov_0.728682_pilon:244 NODE_881_length_383_cov_0.728682_pilon_pilon:244 A T
NODE_881_length_383_cov_0.728682_pilon:310 NODE_881_length_383_cov_0.728682_pilon_pilon:310 C T
NODE_887_length_380_cov_0.906250_pilon:190 NODE_887_length_380_cov_0.906250_pilon_pilon:190 A C
